# genome1: Human
# genome2: Mouse
# genome3: Rat
# genome4: Chicken
# block_id genome1_chr genome1_start genome1_len genome1_sign genome2_chr genome2_start genome2_len genome2_sign genome3_chr genome3_start genome3_len genome3_sign genome4_chr genome4_start genome4_len genome4_sign
1 1 909965 6879989 + 4 147497230 5303988 - 5 168028134 4962995 - 21 198133 2381594 -
2 1 8121992 2933746 + 4 145072452 2186160 - 5 165527060 2260416 - 21 2886654 1162764 +
3 1 11074402 725330 + 4 144498542 563127 - 5 164950841 565878 - 21 5226760 330872 -
4 1 18365319 1325172 + 4 136974266 951103 - 5 157740504 938786 - 21 4267906 410635 +
5 1 21877310 884138 + 4 134688658 706708 - 5 155401971 729665 - 21 5583074 488210 -
6 1 29025823 1175375 + 4 129035185 930681 - 5 149938091 926500 - 23 2230411 477105 +
7 1 30690444 654462 + 4 128403652 518263 - 5 149354111 468680 - 23 238147 348279 +
8 1 34736380 4009699 + 4 121926611 3357034 - 5 143210998 3510052 - 23 2820225 1135740 -
9 1 40737443 1139568 + 4 117899671 906569 - 5 140349683 917678 - 23 662087 683115 -
10 1 43043407 15331530 + 4 101295281 15465291 - 5 124271104 14834452 - 8 19912900 6643707 +
11 1 58490842 6236793 + 4 92884584 6290625 + 5 115251276 6606605 + 8 26567013 1882955 +
12 1 70855500 2090383 + 3 156693028 1624795 - 2 254039785 1687390 - 8 29281151 324040 +
13 1 75963007 12922755 + 3 143376004 11034463 - 2 240829663 10886526 - 8 15483354 4392385 -
14 1 90407388 2884275 + 5 103427980 2043974 + 14 2010147 2125546 - 8 14284329 855684 -
15 1 93420683 10133371 + 3 113711022 9359513 - 2 209444402 9789592 - 8 11421575 2829709 -
16 1 103678444 5234329 + 3 109016973 4505916 - 2 204136605 5070131 - 8 35201 1295476 +
17 1 111285207 3922282 + 3 102743986 3547794 - 2 197503243 3672738 - 26 1791860 828447 +
18 1 115540230 844054 + 3 101789936 707147 - 2 196532983 716116 - 1 74341889 303566 -
19 1 117807476 1468369 + 3 99160314 1305176 - 2 193507158 1582101 - 1 72465772 718972 -
20 1 160583948 2040801 + 1 168242057 1933873 - 13 83238510 2004447 - 8 5169527 329449 -
21 1 164075248 1157269 + 1 166001707 972671 - 13 81096436 971378 - 1 85302450 467729 -
22 1 166957568 2916979 + 1 162438798 2216441 - 13 77487832 2276532 - 8 4363027 747623 -
23 1 171073335 4621970 + 1 157720434 3967538 - 13 72383265 4228238 - 8 6453307 966079 -
24 1 180012180 2298493 + 1 152018890 2088388 - 13 66358861 2209476 - 8 7439054 594927 +
25 1 183519004 4517391 + 1 146662036 4329338 - 13 60234344 4536058 - 8 8088448 1822931 -
26 1 194297906 3820203 + 1 136603775 3257811 - 13 49323465 3578835 - 8 1338062 1249038 -
27 1 198393034 2030199 + 1 134525306 1840689 - 13 47174421 1916330 - 32 20053 723002 -
28 1 201259448 1825482 + 1 132046734 1657143 - 13 44688245 1635605 - 26 336823 601250 +
29 1 205078233 1970869 + 1 193720890 1860555 - 13 109184830 1959048 - 26 1285869 463323 +
30 1 208733847 10569512 + 1 184079407 8464807 - 13 99939331 8303596 - 3 14547057 4038228 -
31 1 225080960 460151 + 11 59625593 339223 - 10 45300621 354525 - 2 1642337 518129 -
32 1 226368082 2078335 + 8 123414954 1083462 + 19 53995965 1066369 + 3 36123738 742113 +
33 1 228507559 2623825 + 8 124508073 1249471 + 19 55072578 1299321 + 3 34696695 1229436 -
34 1 234093609 1012906 + 13 11526756 682359 - 17 68869960 729376 + 3 33528440 475826 -
35 1 237295447 6717409 + 1 175279410 5195209 + 13 90392967 5267842 + 3 30084923 2590062 -
36 2 35394 662827 + 12 24695920 514186 - 6 48444459 476028 - 3 90070819 415986 +
37 2 1656589 1363085 + 12 23128277 1013263 + 6 46904092 1007685 + 3 91195693 591039 -
38 2 3592451 20643796 + 12 4737032 17800434 - 6 28157332 18115506 - 3 92130001 10221302 +
39 2 26460771 515185 + 5 28386082 493527 + 6 25713204 452281 - 3 102994194 319940 +
40 2 27850822 658747 + 5 29739859 548555 + 6 24428420 578586 - 3 23755128 388539 -
41 2 29013388 2452460 + 17 70071949 2288212 + 6 21640044 2419940 - 3 8544598 922813 +
42 2 32477495 1321338 + 17 73050395 1065397 + 6 19790157 1109777 - 3 27343465 641900 -
43 2 34441959 1193992 + 17 74706438 1086271 + 6 17895584 1263107 - 3 29304599 342916 -
44 2 36162891 1122201 + 17 76326334 1124007 + 6 441666 1176895 + 3 28320774 838772 -
45 2 42447174 4347104 + 17 82074127 3627331 + 6 6754662 3704008 + 3 20011384 3064066 +
46 2 47570927 1145895 + 17 86328751 966377 + 6 11176575 1268636 + 3 8203545 329692 -
47 2 48768679 2589147 + 17 87333155 2625241 + 6 12472545 3074555 + 3 9504442 1162059 +
48 2 54630725 7109394 + 11 23339681 7115586 - 14 103956473 7489754 - 3 47996 2691799 -
49 2 62690836 5975988 + 11 17035156 5608963 - 14 97844785 5372027 - 3 5843371 2237265 -
50 2 71802353 2001706 + 6 84607925 1695014 + 4 118543695 1642601 + 4 89655465 978855 -
51 2 76064489 1675378 + 6 80449350 1730016 - 4 114348660 1869824 - 22 1787706 408496 -
52 2 79853211 1147851 + 6 77185505 1139800 - 4 110758708 1277225 - 4 87436013 446112 -
53 2 85943592 1032909 + 6 71853651 857494 - 4 104847504 938995 - 4 85357001 393212 +
54 2 97994177 7630257 + 1 37215874 6365841 + 9 35721235 6629298 + 1 124968388 3300657 +
55 2 115415112 4060355 + 1 120993944 3947014 - 13 32808510 4366963 - 7 29300323 880825 -
56 2 120533577 2074773 + 1 118484297 1613962 - 13 30930962 1761927 - 7 26000996 945902 +
57 2 133381726 5341536 + 1 125923923 4654506 + 13 38191451 5015101 + 7 30381139 1509341 +
58 2 140143991 18753257 + 2 40145300 19204282 + 3 19146455 21027050 + 7 32251890 4658871 +
59 2 160864122 22978589 + 2 61099778 20441149 + 3 41898448 21179498 + 7 14679353 8085489 -
60 2 185156748 1585119 + 2 82739830 1365492 + 3 64363295 1511173 + 7 1518670 502185 -
61 2 189959889 689980 + 1 45636755 747020 + 9 44162653 835655 + 7 305466 316454 -
62 2 191962398 5153289 + 1 46917790 5890686 - 9 46396361 6115365 + 7 8714575 1902057 +
63 2 197831842 6219374 + 1 54996752 5793176 + 9 53188505 5647742 + 7 10833793 2066586 +
64 2 204109017 4998434 + 1 60833569 4792258 + 9 58875046 4880498 + 7 12918245 1637106 -
65 2 210646565 6367834 + 1 66966940 5878008 + 9 65276985 6176402 + 7 2392477 2086349 +
66 2 217163224 3540047 + 1 72978608 3273678 + 9 71609503 3381515 + 7 22845147 1414781 -
67 2 220747850 7874503 + 1 76292843 7407720 + 9 75039881 7359104 + 9 4151103 2529998 -
68 2 232124137 1524629 + 1 86227644 1202511 + 9 84991126 1240296 + 9 14496589 483636 +
69 2 233700342 967234 + 1 87458696 682543 + 9 86258960 821554 + 9 394881 311597 +
70 2 234672850 3111045 + 1 88143327 2275401 + 9 87082506 2483576 + 7 4940295 862049 -
71 2 239515832 1038232 + 1 91701822 706313 + 9 90916672 692561 + 7 5812712 493754 +
72 2 241977386 1101785 + 1 93240188 883901 + 9 92493906 866308 + 9 8509298 470794 +
73 3 432430 6195133 + 6 104420150 6668068 + 4 139468543 6808529 + 12 17243814 1477699 +
74 3 10832937 444242 + 6 114942297 351244 + 4 150312281 365251 + 12 4110426 322999 +
75 3 13335546 560773 + 6 91454252 403201 + 4 125436799 393854 + 12 5680504 446302 +
76 3 14140866 410380 + 6 91919447 322379 + 4 125900481 330026 + 12 10797934 300982 +
77 3 17021145 2542806 + 17 48877610 2403683 + 9 2076980 2697228 - 2 33714967 1128403 +
78 3 23130227 2703266 + 14 11572668 2763872 - 15 8409798 2370051 + 2 35945657 1113821 +
79 3 27730650 5176828 + 9 114551112 4039222 - 8 118923071 4482832 - 2 37707845 1956480 +
80 3 32966670 3001578 + 9 112037302 2496422 - 8 116535796 2367901 - 2 43501922 1194540 +
81 3 37938469 379368 + 9 119104871 339662 + 8 123969395 364063 + 2 4006873 419356 +
82 3 40617310 1648422 + 9 120748125 1034093 + 8 125646686 871132 + 2 42349119 578940 +
83 3 44755364 1568429 + 9 123238475 1157980 + 8 127710717 1183175 + 2 41772327 545431 -
84 3 46862992 483033 + 9 110536675 343817 - 8 114824191 338760 - 2 2954980 528368 +
85 3 47398152 787777 + 9 109972744 533573 - 8 114260558 532868 - 2 170491 335772 -
86 3 50317788 326699 + 9 107433481 313069 - 8 112518248 318325 - 12 1247951 453125 +
87 3 52443614 740386 + 14 25324095 613847 - 16 5954292 688184 - 12 481038 716555 +
88 3 53216980 3570401 + 14 22077842 3223533 - 16 2601970 3331748 - 12 7006204 1514293 +
89 3 58259582 4437234 + 14 3373760 4636187 + 15 13974360 4853472 - 12 11761521 1520262 +
90 3 66233111 8121805 + 6 95164442 7796282 + 4 129083827 8421760 + 12 14372141 2486854 +
91 3 75808829 11447246 + 16 65894746 10073984 - 11 2949219 11362270 - 1 86739374 5140313 -
92 3 88025376 2037768 + 16 63392213 1872733 - 11 20773 2166427 - 1 82768474 789939 +
93 3 95616811 3344878 + 16 59883166 2688174 - 11 38882670 2781593 + 1 83841358 1409367 +
94 3 101686202 11434632 + 16 45778005 11250531 - 11 44852728 11858458 + 1 79037554 3583788 +
95 3 114975974 5525896 + 16 38378315 5521910 - 11 58335894 5687578 + 1 74696695 2443673 -
96 3 120682022 1902647 + 16 36815471 1372493 - 11 64212290 1421488 + 1 73496550 800917 -
97 3 123780075 2842737 + 16 32981091 2636180 - 11 66831791 2631318 + 7 27142828 1717097 +
98 3 127772804 819252 + 6 89466000 640041 - 4 123265220 635683 - 12 9792120 549559 +
99 3 128613254 1233096 + 6 88517216 934871 - 4 122453246 797300 - 12 9175260 610620 -
100 3 131674474 2093519 + 9 104070730 1737323 - 8 109077269 1770929 - 2 40678715 792682 +
101 3 140492585 1305430 + 9 97244367 1239988 - 8 102348157 1357116 - 9 7141825 598487 -
102 3 143346378 2888114 + 9 93331856 2708684 - 8 98487186 2661489 - 9 2421125 818093 -
103 3 147493040 1915320 + 9 90284071 2035243 - 8 95226920 2120580 - 9 10972220 751799 +
104 3 157159178 9221742 + 3 65294052 8792436 + 2 154618858 9230022 + 9 20544661 1829143 -
105 3 169251716 1076559 + 3 28824228 1129512 + 2 113653480 1312178 + 9 19635252 328864 -
106 3 170389868 1175770 + 3 30015300 1049769 + 2 116467094 1134860 - 9 19244561 359482 -
107 3 173137351 4347557 + 3 22854392 4597616 - 2 108534621 4981950 - 9 17523845 1405630 -
108 3 181640779 2071942 + 3 33652500 1773629 + 2 120050362 1779169 + 9 15803032 776950 -
109 3 188265538 7460604 + 16 23226570 7153358 + 11 72071134 7574867 - 9 12225060 2043538 -
110 4 489464 498509 + 5 105512122 366985 + 14 1573775 403179 - Z 25146630 305471 +
111 4 1154015 2372591 + 5 31474537 1877454 + 14 81318434 1912236 - 4 82207629 2824790 -
112 4 4272335 4629581 + 5 33735117 2916293 - 14 77795199 3127969 + 4 78821402 2768880 +
113 4 11621465 45607366 + 5 38739436 37410744 + 14 33500450 42465585 - 4 65218071 12988924 -
114 4 58920413 5339253 + 5 77803705 4159987 + 14 27272903 4449628 - 4 47689235 1641999 +
115 4 65527886 3023456 + 5 82750861 2647452 + 14 23671473 2759088 - 4 51531886 649868 +
116 4 72021512 2488000 + 5 87825804 1777100 + 14 19311053 1785525 - 4 50562254 748447 +
117 4 77240295 1205674 + 5 91547938 986186 + 14 16441175 951048 - 4 50181353 357494 -
118 4 80032008 6208142 + 5 93927833 5124062 + 14 8916400 5277272 - 4 45427131 2138678 +
119 4 91095265 4602272 + 6 61015114 4432941 + 4 89846026 5024712 + 4 35832878 1813916 +
120 4 95902775 8675730 + 3 135830459 7166780 - 2 232686158 7597953 - 4 58746332 2786963 +
121 4 105496716 5421914 + 3 130631905 4498139 - 2 227449146 4561395 - 4 37756019 1903313 -
122 4 111062546 9924810 + 3 123260008 7306362 - 2 219398181 7967027 - 4 55191004 3481149 -
123 4 121550466 1046876 + 6 65848100 907490 - 4 95330550 1166615 - 4 54658304 371082 -
124 4 122709159 6155302 + 3 36040875 4278785 + 2 122621932 4789138 + 4 52362096 2262457 -
125 4 129023396 1231057 + 3 40469115 966306 + 2 127527839 974360 + 4 34734575 336583 +
126 4 130560468 11198922 + 3 41791739 10571109 + 2 128906854 12095212 + 4 26090099 3997287 +
127 4 141842145 9485721 + 8 74575194 8157753 - 19 26356468 8067185 + 4 30107910 3079477 +
128 4 151577088 2410301 + 3 85861657 2097840 - 2 176573999 2300272 - 4 33239348 1069104 +
129 4 154650983 9016999 + 3 76982578 8268119 - 2 166931718 9098751 - 4 20393057 3236280 +
130 4 168340728 3366027 + 8 59368556 2907686 - 16 29326226 3559341 + 4 25004764 1057417 +
131 4 173079151 5783840 + 8 52762949 5256316 - 16 34182070 6991754 + 4 43268371 1981629 +
132 4 178846491 8193140 + 8 44986366 7792047 - 16 41157379 8411047 + 4 39859902 3025685 -
133 4 187046337 4476165 + 8 40469674 4511202 - 16 49573405 4641489 + 4 61544585 1711728 +
134 5 244232 902896 + 13 70018616 581095 - 1 29727662 588344 + 2 55312236 332102 -
135 5 1798218 3088706 + 13 67264752 2331037 - 17 10808 2345961 + 2 85868798 1840965 +
136 5 10856254 20742489 + 15 12695642 18434258 - 2 62250098 20936559 - 2 68909652 9065951 -
137 5 43532516 9448818 + 13 111046420 5195009 - 2 46313603 5278462 - Z 6777453 2229488 +
138 5 54568007 14013031 + 13 97220519 12484629 - 2 31427785 12858142 - Z 212194 4959449 +
139 5 73153678 3207707 + 13 91791976 2634743 - 2 25716601 2856496 - Z 9502454 1219539 +
140 5 79813799 3841944 + 13 85211524 3654481 - 2 18766877 3914095 - Z 28464607 1788782 +
141 5 88161100 6202077 + 13 72931568 6951338 - 2 4030103 8108146 - W 723225 2391916 +
142 5 100158756 880153 + 1 95684911 790839 + 9 94967203 703907 + Z 21687721 438447 +
143 5 102842248 1708793 + 17 57284963 1607425 + 9 97597070 1710437 + Z 22549685 664339 +
144 5 126012696 1057079 + 18 56942442 910601 + 18 52390203 920678 + W 4054141 324066 +
145 5 130835820 1680851 + 11 53857200 1438685 - 10 38713502 1403892 - 13 15451484 736397 +
146 5 132557842 1572085 + 11 52297539 1530490 - 10 37222081 1461808 - 13 14650812 768156 -
147 5 134162651 3001872 + 13 54757183 2514718 + 17 12453394 2581086 - 13 13273963 1368369 -
148 5 137954068 886537 + 18 35197400 766857 + 18 27439161 903186 + 13 6744909 371191 +
149 5 138886340 1086021 + 18 36002685 950904 + 18 28383554 960363 + 13 288030 646934 +
150 5 140650304 717854 + 18 37790516 770104 + 18 30351604 889657 + 13 7139413 548720 -
151 5 144840432 2239625 + 18 41749252 2088374 + 18 34662503 2273155 + 13 16721110 366045 +
152 5 150433408 1651162 + 11 55503719 1394489 + 10 40329595 1460541 + 13 11576035 427604 -
153 5 154388538 4304426 + 11 44983455 4307499 - 10 29614030 4412298 - 13 9585253 1383385 -
154 5 159185650 12180777 + 11 33033047 11497794 - 10 17539203 11580696 - 13 1539613 5169558 +
155 5 172722574 794646 + 11 31521713 702098 + 10 15850061 678243 - 13 8321181 451898 +
156 5 178655140 786356 + 11 50731718 667561 - 10 35687781 690044 - 13 12380402 391654 -
157 6 281820 2499485 + 13 30143486 2396113 + 17 37959520 2287856 - 2 66191826 1270040 +
158 6 4819377 8775730 + 13 35214069 7564526 + 17 27229460 8130203 - 2 61886096 3522769 -
159 6 13692257 3721744 + 13 42846353 3124703 + 17 24209932 2950022 - 2 60263177 1429373 +
160 6 17867679 2239404 + 13 46279792 1666118 + 17 22382998 1627611 - 2 59401733 858700 -
161 6 20654524 4050308 + 13 24301953 4993629 - 17 41216127 6061030 + 2 57593009 1625773 -
162 6 24758994 1050641 + 13 23399072 887599 - 17 47294124 975312 + 2 89773066 358458 -
163 6 33600245 1882735 + 17 25728001 1300544 + 20 5268682 1300570 + 26 2642166 578531 -
164 6 37368493 1732591 + 17 28325835 1325329 + 20 7929517 1333651 + 3 25619685 903032 -
165 6 39375021 1602869 + 17 46808598 1358509 - 9 6299513 1459545 + 3 24225950 1165531 -
166 6 43350683 976194 + 17 43758815 905131 - 9 9954796 1138224 + 3 26522765 813615 -
167 6 44402264 2481240 + 17 41685912 1998948 - 9 11162908 2069654 + 3 106736313 1013597 +
168 6 49933760 2494627 + 1 18473029 2810253 + 9 17040013 2885814 + 3 105390252 1146082 -
169 6 52808811 3020887 + 9 76001749 2679722 - 8 80559385 2671233 - 3 85651697 1070916 -
170 6 56278258 17625888 + 1 21674195 13092122 - 9 20176564 12958718 - 3 79884536 5577456 -
171 6 75788149 10557879 + 9 79954175 8925725 + 8 84659361 9114933 + 3 75223027 4013877 -
172 6 88682998 11607245 + 4 21146229 12824347 - 5 36128229 14553077 - 3 69681053 4918728 -
173 6 100678048 15927922 + 10 34058488 17153850 - 20 38674939 16613866 - 3 62332604 7160363 -
174 6 117093246 6027666 + 10 51515970 6283219 + 20 30202466 6661459 + 3 59638523 2539107 -
175 6 123350299 4130283 + 10 29201659 4086307 - 1 24370144 4766096 + 3 57633787 1898066 -
176 6 128014807 6339887 + 10 22360965 6235902 - 1 17027103 6352605 + 3 55130503 2268561 -
177 6 135218989 9056373 + 10 12823539 8303352 - 1 7898417 8872719 - 3 51203050 3549968 -
178 6 145501967 4687688 + 10 7272400 4483489 - 1 2270486 4466854 - 3 45326241 1899950 +
179 6 150600719 2883051 + 10 3348528 2436605 + 1 34119143 2507198 + 3 47336852 1313485 +
180 6 155126031 2800596 + 17 3570739 2494844 - 1 38127530 2580054 + 3 49276217 1319532 +
181 6 161085559 5505749 + 17 7468296 4084847 - 1 42783306 4228340 + 3 39016997 2516196 -
182 6 168465542 2284597 + 17 12743644 1289453 + 1 53087454 1332973 + 3 36868146 1135725 -
183 7 513481 3602454 + 5 136738245 3121518 + 12 12801328 3222331 - 14 4325774 1735008 +
184 7 7032124 4649991 + 6 7620740 4949405 + 4 33056340 5166084 + 2 23998018 1773368 +
185 7 12354738 7138291 + 12 27572338 6723887 - 6 51792997 7567136 - 2 26033786 3016593 +
186 7 20138848 2011776 + 12 111906603 1743097 - 6 144790181 1761882 - 2 29285458 791969 +
187 7 23028486 6267732 + 6 49070179 5281727 + 4 77437351 5527300 + 2 30320231 2617059 +
188 7 30995806 1810016 + 6 55624038 1322716 + 4 84614095 1509766 + 2 47068933 695490 -
189 7 32999221 3080902 + 9 22423408 3079046 + 8 22202345 3083550 + 2 45889173 1140734 -
190 7 38158039 4549250 + 13 14038817 4543026 - 17 53555956 5191158 + 2 48245325 2010678 +
191 7 47880009 3146454 + 11 9205592 3260996 + 14 89681935 3645211 + 2 79919731 1194600 +
192 7 66267830 5012967 + 5 127815715 3840866 - 12 23687158 3463882 + 19 746745 1499384 -
193 7 76437658 6526008 + 5 12789017 6717230 - 4 9178714 7662548 + 1 10920676 3468999 +
194 7 83190404 1641456 + 5 10811047 1616257 - 4 17558264 1692821 + 1 1673225 904193 +
195 7 85893558 546862 + 5 4142725 607733 + 4 20755601 616849 + 1 3005070 304542 +
196 7 87520735 4737031 + 5 5882559 4792659 + 4 22690167 5097244 + 2 20311700 1897531 +
197 7 94012271 2346678 + 6 4526455 2173958 + 4 29600856 2604209 + 2 22992403 782439 +
198 7 97209708 1012519 + 5 141682939 858345 + 12 10084011 878867 - 14 3220074 375854 +
199 7 100518594 1156054 + 5 133735081 793787 - 12 20726185 923271 + 19 3256068 652457 +
200 7 102085175 2683130 + 5 19654983 2311536 + 4 6692031 2326895 - 1 9679529 1157309 -
201 7 106449329 874827 + 12 25267021 756850 - 6 48978665 867764 - 1 8734307 375213 -
202 7 107348543 4336995 + 12 34347126 4487435 - 6 59422474 4595350 - 1 23881772 1759151 -
203 7 112540008 14191799 + 6 13856145 14458960 + 4 39739057 15778188 + 1 17719922 5841054 -
204 7 130000325 2273232 + 6 31013922 2097402 + 4 58397682 2159830 + 1 225152 1391119 +
205 7 132353867 1130048 + 6 33197639 1018401 + 4 60682867 1173259 + 14 15187099 527019 -
206 7 133546098 525394 + 6 34273664 473612 + 4 61924502 509626 + 1 58748303 347016 +
207 7 135968288 1060871 + 6 36373739 992071 + 4 64055426 971582 + 1 54075903 505067 -
208 7 138663830 506345 + 6 38675884 428306 + 4 66543347 459577 + 1 52429264 415823 -
209 7 139442434 1415152 + 6 39322285 1150149 + 4 67118117 1194725 + 1 53440193 591078 +
210 7 143558854 3946596 + 6 43369893 3972396 + 4 71403201 4314096 + 2 52612509 1425386 +
211 7 150434130 6138695 + 5 22850168 5120636 + 4 782689 5064921 - 2 5655361 2441443 +
212 7 156645856 1509622 + 12 110592096 1150563 - 6 143485087 1159859 - 2 8152458 847106 +
213 8 1422028 5221457 + 8 14732450 4813227 + 16 75707120 4050133 - 3 86743965 2694938 -
214 8 9798878 2038524 + 14 53702156 1537035 - 15 42362446 1597205 - 3 104303967 988453 +
215 8 12589771 5349415 + 8 35132340 5248300 + 16 54297150 5408257 - 4 63276808 1931789 -
216 8 27979232 1091291 + 14 55363387 872079 - 15 44089759 938326 - 3 103615704 617946 +
217 8 52795797 3692773 + 1 3217450 3958435 - 5 12371747 4181533 + 2 108629344 1537693 +
218 8 56713472 5925509 + 4 3000677 6086345 + 5 16797546 6709696 + 2 110206411 2566911 +
219 8 63215267 811615 + 4 19701518 755895 - 5 34654470 819129 - 2 112888552 443902 +
220 8 64131009 2381079 + 3 15905367 2855391 + 2 100797607 3310953 + 2 113367522 975001 +
221 8 67504616 975758 + 1 9667795 853062 + 5 8287738 906608 - 2 114619478 366519 +
222 8 71290026 1040131 + 1 13364690 1059967 + 5 4120245 986691 - 2 116060834 404934 -
223 8 73529641 2623929 + 1 15426483 2777413 + 5 144646 2978578 - 2 116931860 1155189 +
224 8 76267298 9616226 + 3 3397496 10883908 + 2 88983845 11572820 - 2 118134968 3808931 +
225 8 88576509 8606420 + 4 9251285 8959599 - 5 23689402 9499218 - 2 122858498 3274251 +
226 8 97546992 16859091 + 15 32951511 15803414 + 7 68398252 16555293 + 2 126282533 6378967 +
227 8 115080030 4280375 + 15 49424463 4226853 + 7 85607859 4437641 + 2 133100459 1828617 -
228 8 120525772 22594834 + 15 54958903 19541712 + 7 91329925 20701115 + 2 137090186 10231649 -
229 9 4813531 1184950 + 19 28493343 705545 + 1 232924407 756229 + Z 11626383 380055 +
230 9 6787745 1855629 + 4 71586717 2029322 + 5 92104226 2321268 + Z 12206041 769622 +
231 9 15442997 5576548 + 4 80981929 5004389 + 5 102303668 5432639 + Z 13010092 2245240 -
232 9 22886040 1042634 + 4 87882738 1276680 + 5 109923692 1505140 + Z 33131836 368299 +
233 9 68197754 9777899 + 19 13547941 9108642 - 1 217655862 9168254 - Z 15748173 3203623 +
234 9 88947585 1030258 + 13 51667107 621521 + 17 17708715 774543 - Z 19196366 480982 -
235 9 90815024 1467823 + 13 48072639 854593 - 17 21214947 907260 + 12 6148066 807943 -
236 9 96430184 556150 + 4 45509348 465405 + 5 63241530 492354 + 2 87744020 526799 -
237 9 97318782 1265141 + 4 46292150 1122571 + 5 64062403 1181751 + 2 88980800 639025 -
238 9 103336453 1190632 + 4 52559318 1017098 + 5 70834487 1129516 + Z 26690177 390376 +
239 9 107175419 434869 + 4 56076674 388374 + 5 74792668 404947 + 2 84125117 499647 +
240 9 108517455 693612 + 4 57249233 534790 + 5 76030839 571554 + Z 32566169 322550 +
241 9 109501097 1531393 + 4 58000145 1122652 + 5 76831637 1225640 + Z 31904990 582378 -
242 9 111405589 784012 + 4 59799234 746086 + 5 79396194 720645 + 17 9403266 403751 +
243 9 113780533 4965827 + 4 61993525 5869335 + 5 81279146 6501430 + 17 6177635 1860357 -
244 9 119690479 3619027 + 2 36053931 3866920 + 3 14551554 4324719 + 17 862029 1111975 -
245 9 123358821 2173155 + 2 33257342 1907884 - 3 11872635 1821568 - 17 7945 853556 -
246 9 126452118 2659384 + 2 30045132 2083840 + 3 8769440 2092777 + 17 4799292 1005365 -
247 9 129770385 1487086 + 2 28810853 1163275 - 3 7530472 1143504 - 17 3618705 459543 -
248 9 131478913 2356044 + 2 27167494 1567187 + 3 5801232 1658748 + 17 2705407 838462 -
249 9 134045328 933302 + 2 26128444 775691 + 3 4035253 784463 + 17 2169012 535571 +
250 9 135008247 449812 + 2 25519670 399976 - 3 3420394 401465 - 17 9834563 666407 -
251 9 135718752 510015 + 2 24881581 318397 - 3 2888048 351035 - 17 8535790 390795 -
252 10 1048863 2813187 + 13 5583109 3155330 - 17 72573685 3104011 + 2 9800333 1433630 +
253 10 7769354 6414092 + 2 4129826 5965303 - 17 79716471 5495368 + 1 3598336 2596548 -
254 10 15556158 11977245 + 2 12092901 11353998 + 17 86434258 10370773 + 2 15255220 4487283 -
255 10 27674473 869624 + 18 6688709 870917 + 17 63456791 772061 + 2 14795483 463301 -
256 10 31004514 1344947 + 18 5095038 1127775 + 17 59707415 1204262 - 2 13549294 466486 -
257 10 33194664 1755228 + 8 126817950 1567496 - 19 57147483 1487592 - 2 12553246 880257 -
258 10 35629434 1466448 + 18 7968206 1473508 - 17 64666290 1513273 - 2 11688965 640750 -
259 10 42577168 408437 + 6 118754693 324390 - 4 154624717 329804 - 6 4169081 345039 -
260 10 48737134 1387245 + 14 27222997 1046951 - 16 8003008 1119965 - 6 17358344 599466 +
261 10 54910542 993930 + 10 73518038 876075 - 20 14512412 868584 + 6 5646344 348461 -
262 10 60895652 3828620 + 10 66681978 3216757 - 20 19172987 3235270 + 6 7149231 1346839 -
263 10 71244251 1868794 + 10 59823212 1527324 - 20 27494009 1587950 - 6 10771752 474198 +
264 10 74480255 3886085 + 14 15424967 3209518 + 15 580591 3495288 - 6 12810500 2637676 -
265 10 79084495 1464900 + 14 19432728 1325729 + 16 4083 1356773 + 6 11373921 1065408 -
266 10 83298435 1112997 + 14 33102136 1103734 - 16 14678720 1139654 - 6 2884484 370444 -
267 10 87026284 1579117 + 14 28972753 1335821 - 16 9875099 1327097 - 6 1135513 1039720 +
268 10 93364265 2596005 + 19 36285606 1988397 + 1 241402502 1911583 + 6 18983631 1051852 -
269 10 101780304 526450 + 19 44040027 503043 + 1 249723882 493390 + 6 16198078 477554 -
270 10 102340192 1234558 + 19 44577176 1149122 + 1 250250072 1305204 + 6 21621557 579964 -
271 10 103893385 16990419 + 19 46021074 14867261 + 1 251845536 16062225 + 6 22229857 6997116 +
272 10 121880901 12173471 + 7 118009978 10548460 + 1 188668056 10899045 + 6 29550108 4265369 +
273 11 484689 2084413 + 7 130181263 2056484 + 1 201508792 2112966 + 5 11019492 2515722 -
274 11 8096282 4832558 + 7 97268679 3890869 + 1 166718669 4103172 + 5 5263380 2442753 -
275 11 14281615 3041733 + 7 102320346 2486666 + 1 172177811 2611108 + 5 7858446 1554506 +
276 11 17372780 1357583 + 7 34743457 998759 + 1 96694701 1027218 + 5 9430473 846450 +
277 11 19128827 3684911 + 7 37414886 3241853 + 1 98645018 3239927 + 5 438064 1339764 -
278 11 27812446 5151809 + 2 106280111 4818177 - 3 89990467 5021849 - 3 42872501 1838810 -
279 11 34465917 10264343 + 2 94624385 10276568 - 3 77627306 10983076 - 5 15649044 3731694 +
280 11 45407898 2162496 + 2 92195064 1901002 - 3 75152789 1941077 - 5 20082079 1350074 -
281 11 61345239 349588 + 19 8876285 322330 - 1 212485227 356987 - 5 14034071 325493 +
282 11 67596804 761566 + 19 6790383 552357 + 1 206032088 538932 - 5 13551304 452846 +
283 11 68596384 1933572 + 7 133124556 1218776 - 1 204622402 1260029 - 5 14374557 1154909 +
284 11 72274084 2133159 + 7 88338559 1457315 - 1 157281346 1579911 - 1 186895701 705389 -
285 11 77397691 4726664 + 7 81572660 4368388 - 1 150098397 4711971 - 1 182047242 2529961 -
286 11 82169856 1327040 + 7 80341286 1177380 - 1 148802630 1232710 - 1 180691039 613547 +
287 11 85878627 881948 + 7 77581011 711615 - 1 145743209 757784 - 1 180220485 460346 -
288 11 89969860 15535524 + 9 4215406 13643140 - 8 847292 14526116 - 1 173031484 6105969 -
289 11 107026534 1435785 + 9 53109287 993269 - 8 56425696 1022656 - 1 171923058 565787 -
290 11 111244506 1599727 + 9 49468430 1463954 - 8 52704247 1478256 - 24 5389780 515763 -
291 11 115100941 3363332 + 9 44426935 2974620 - 8 47356835 3058839 - 24 4577002 770947 +
292 11 118535289 3313988 + 9 41273954 3074724 - 8 44264264 3026197 - 24 3135606 1036044 -
293 11 125301607 8693374 + 9 26438505 9053154 - 8 26164012 9195679 - 24 305982 2339623 +
294 12 263186 2412215 + 6 119269190 1856304 - 4 155137257 1918041 - 1 56889928 1370422 +
295 12 4788672 623484 + 6 126977784 582355 - 4 162749148 620271 - 1 185193908 387363 -
296 12 5473609 627125 + 6 126358929 557041 - 4 161969265 712578 - 1 184650542 377886 +
297 12 6443799 802421 + 6 125229365 798346 - 4 160821046 762288 - 1 70980624 541083 +
298 12 15528013 4036503 + 6 137716236 3304678 + 4 174733913 3354818 + 1 59486575 1723628 +
299 12 21931817 3006891 + 6 143033854 2394406 + 4 180776840 2152047 + 1 62009643 1496025 -
300 12 26099420 1641864 + 6 146177880 1218361 + 4 183728677 1153369 + 1 64148152 739904 +
301 12 27760446 1251769 + 6 147411188 889049 + 4 184892881 912804 + 1 186184087 517323 -
302 12 31702815 725068 + 6 149521434 423346 + 4 186815322 503994 + 1 55756683 327775 -
303 12 39448483 6308227 + 15 92446277 5136663 + 7 130687784 5355549 + 1 25724654 2439585 +
304 12 56667831 43614538 + 10 88229565 38350133 - 7 25440243 41501024 - 1 28377577 16084821 +
305 12 100371449 2482100 + 10 86155664 2011004 - 7 23347719 2034766 - 1 51413516 995280 -
306 12 102881797 3108040 + 10 82229293 2552813 + 7 20664069 2658915 - 1 50302305 1104415 -
307 12 109341373 1821601 + 5 118587535 1110083 - 12 35266961 1024865 + 15 5893346 420056 +
308 12 112041053 2828679 + 5 115992112 1941027 - 12 36983985 2060613 + 15 11488937 942355 -
309 12 116916306 2950028 + 5 112170855 2448027 - 12 40295337 2519413 + 15 9030957 798612 -
310 12 120010621 1536147 + 5 119994950 1185359 + 12 33772374 1186914 - 15 5376664 514947 +
311 12 121675315 8166630 + 5 121267661 5257618 + 12 28478104 5204693 - 15 3126466 2104153 -
312 13 18020527 3141599 + 14 47340264 2446707 + 15 35692657 2496498 + 1 169891852 1300325 -
313 13 21576506 2846548 + 14 50269458 1612485 - 15 38756269 1651376 - 1 168766106 942766 -
314 13 25925337 5732651 + 5 144841469 4318028 + 12 3502296 5125412 - 1 166153526 2078930 -
315 13 32279581 6765505 + 3 52425567 4975131 - 2 141071633 5284062 - 1 162679409 3239035 -
316 13 39940324 7639988 + 14 62997129 6668426 - 15 53141915 7237630 - 1 158167195 3089032 +
317 13 48074515 2057729 + 14 52005987 1584232 + 15 40529845 1703717 + 1 161425701 899836 +
318 13 51045547 7873230 + 14 70083259 8063971 + 15 60885976 9006941 + 1 154416050 3485060 -
319 13 60347363 8849430 + 14 79639336 8462767 + 15 71376369 9168817 + 1 145300482 4222036 -
320 13 69203667 9108194 + 14 88113320 8514558 + 15 80550284 9148796 + 1 149626471 4376795 -
321 13 78373306 21897698 + 14 96660678 18597307 + 15 89728238 19590044 + 1 135905123 9380118 -
322 13 101283379 5374270 + 8 4876607 5167985 + 16 84811402 5402359 - 1 132956174 2449588 -
323 13 106979516 3062997 + 8 10258344 1904630 + 16 82210300 1974270 - 1 131106805 1504169 +
324 13 111091893 1918342 + 8 12645843 1278876 + 16 80571053 1182563 - 1 129909721 1063036 -
325 14 23939017 12371141 + 12 39740677 12310018 + 6 64938466 13570885 + 5 29431278 4668791 +
326 14 45057779 5129597 + 12 60583455 4951837 + 6 87810826 5219963 + 5 53408262 1335318 +
327 14 50889159 1911761 + 14 36463060 1587167 + 15 21025173 1561075 + 5 54810893 566756 +
328 14 52865483 3743741 + 14 38096300 3050383 + 15 22637568 3159526 + 5 52057788 1150406 -
329 14 56659556 6329644 + 12 65574973 5489214 + 6 93060890 5933534 + 5 49653326 2386626 -
330 14 65422327 6918591 + 12 73176948 5805054 + 6 101057118 7325416 + 5 23327558 2722242 -
331 14 72349102 31258140 + 12 78989996 28000264 + 6 108390072 29547853 + 5 34542527 14404164 +
332 15 32674072 3899455 + 2 115461183 3492985 + 3 99670111 3659742 + 5 27547614 1691211 -
333 15 38178170 609421 + 2 120216562 580562 + 3 104965861 630755 + 5 2436059 425313 -
334 15 38852955 2339886 + 2 120849265 1789257 + 3 105654449 2028017 + 5 21518915 1800763 +
335 15 41379059 1289818 + 2 122802340 944172 + 3 107867309 938963 + 10 20362415 480079 -
336 15 43768245 3342018 + 2 124557175 2905688 + 3 109755962 3282357 + 10 9884448 1166155 +
337 15 49696447 12295334 + 9 66432377 9526942 - 8 70532417 9993643 - 10 4681084 5003897 -
338 15 62863653 5844236 + 9 61019761 4753312 - 8 64800454 5040151 - 10 18357520 1911949 +
339 15 69870612 3794808 + 9 57079617 2995199 - 8 60683357 3119550 - 10 1383 1260055 -
340 15 73876719 1755268 + 9 55334685 1453454 + 8 58732814 1629986 + 10 3554200 760342 -
341 15 78080541 2210901 + 7 71038088 2053899 - 1 138985660 2042268 - 10 12253530 939343 -
342 15 81150507 1365204 + 7 69875848 1226832 + 1 137822384 1226531 + 10 11653645 625858 +
343 15 84239948 3736195 + 7 64269183 3815044 + 1 131735318 3872159 + 10 13400071 1082822 -
344 15 90389624 9430713 + 7 53905795 8586581 - 1 120278392 9428631 - 10 14987095 3351968 +
345 16 388874 325635 + 17 24481485 302813 - 10 15055917 307904 - 14 1560796 509701 -
346 16 713176 498610 + 17 24065086 417476 - 10 14621347 435771 - 14 7287839 794580 -
347 16 1799086 426425 + 17 23131647 422279 - 10 13701718 415912 - 14 8082831 461313 +
348 16 3592117 5765940 + 16 3396808 5132604 + 10 6602127 5248814 - 14 11782121 2810765 -
349 16 16862248 1223285 + 7 105114323 1092789 - 1 175119348 1108493 - 14 9947508 442038 -
350 16 46474673 9034279 + 8 84551281 7810083 + 19 15110929 8055553 - 11 3461190 4584013 -
351 16 56744498 1578190 + 8 93755476 1319466 + 19 9812868 1236002 - 11 331328 420756 -
352 16 58626109 8118641 + 8 95315708 8838380 + 19 262198 9311214 - 11 11491949 2812549 -
353 16 66994339 760049 + 8 104759081 653172 + 19 35109325 680649 + 11 585382 746298 -
354 16 77951609 11777257 + 8 114035048 9068823 + 19 44550717 9193835 + 11 14577365 4442644 +
355 17 1457694 987597 + 11 75684788 863396 - 10 62222296 898682 - 19 4854804 426144 +
356 17 3975255 690054 + 11 73102894 597655 - 10 59338884 603818 - 19 2645403 507095 -
357 17 5717226 1217035 + 11 72023639 997823 + 10 58217647 1043222 + 19 9089629 322356 +
358 17 8496569 1152598 + 11 68643907 908842 - 10 54730432 936631 - 18 1625345 396302 +
359 17 10928957 1144465 + 11 66490861 1094857 - 10 52187712 1459469 - 18 993753 615196 -
360 17 13133837 2289195 + 11 63737876 1890845 - 10 49270788 2023565 - 18 2152921 666472 -
361 17 17230183 1201731 + 11 60358435 953659 + 10 46055569 893829 + 14 6788735 368489 +
362 17 31486522 1142903 + 11 81666281 1089275 + 10 69117711 1086388 + 27 272797 404148 +
363 17 33101128 555029 + 11 83223945 503452 + 10 70644834 522047 + 19 4188715 391017 -
364 17 35045330 1300606 + 11 84592528 1096140 - 10 72060165 1145213 - 19 7682874 528347 +
365 17 49711943 4571000 + 11 90858419 3944902 - 10 78456925 4152586 - 18 4864786 955617 +
366 17 57150715 1398051 + 11 87342438 949234 - 10 74861932 957404 - 19 6638964 304549 +
367 17 58732564 1937528 + 11 85762871 1421073 + 10 73274299 1378142 + 19 6974253 662843 -
368 17 60957330 1412719 + 11 105952526 1140143 + 10 94500935 1157478 + 27 815723 460721 +
369 17 65233167 1375251 + 11 107819563 1038762 - 10 96344719 1111866 - 18 6776895 368673 -
370 17 67461341 3793650 + 11 110783843 3349060 + 10 99406637 3485249 + 18 7698197 997106 +
371 17 74199013 2445642 + 11 116746544 1855525 + 10 105995636 1873740 + 18 3594227 1049191 -
372 18 1660418 796005 + 17 92712826 804842 + 9 111077945 827188 - 2 100168483 351735 +
373 18 2531913 711202 + 17 69510737 554007 - 9 110402629 570162 - 2 100554787 368232 +
374 18 5135094 1063834 + 17 66989416 1015122 - 9 107855160 965762 - 2 98885458 502028 -
375 18 8014154 601844 + 17 64998750 486929 - 9 105839979 493009 - 2 97315615 313102 -
376 18 10322333 854622 + 18 63176057 626146 + 18 58984689 674301 + 2 97713931 646497 +
377 18 12419329 707288 + 18 67900134 418631 + 18 64078663 460132 + 2 96390696 373356 +
378 18 13267092 608585 + 18 68426069 401627 + 18 64674016 416032 - 2 96824410 339920 +
379 18 16791781 13458110 + 18 10065169 13359690 + 18 1397534 13561845 + 2 101384887 5101321 +
380 18 31300419 557292 + 18 24334838 406550 + 18 15891914 436636 + 2 83453426 395824 -
381 18 33721293 1471888 + 18 26363839 1565507 + 18 17979430 1779153 + 28 2031045 609315 -
382 18 39662659 3454242 + 18 77098450 3159848 - 18 73783424 3125570 - 14 120837 1399818 +
383 18 56504857 2972728 + 1 104095459 3267368 + 13 9495391 3849682 + 2 67392604 1295751 -
384 18 60480163 2516233 + 1 108785158 3168264 + 13 14824293 4165391 + 2 94756928 1151775 -
385 18 65094464 8014197 + 18 82803779 7591853 - 18 78932458 7966431 - 2 90280698 3622926 -
386 18 73559766 2435916 + 18 80483607 1846501 - 18 77091342 1476867 - 2 55899180 1615599 -
387 19 1506165 753410 + 10 80209185 464578 + 7 10379347 464286 - 28 997113 358583 -
388 19 17956700 1521219 + 8 68932317 947024 - 16 19096595 906259 + 28 2908149 449457 -
389 19 34819780 4864162 + 7 23893669 4228098 - 1 86639195 4163154 - 11 8515133 2926806 +
390 20 2963602 693578 + 2 132172218 544277 + 3 118033858 636090 + 4 88633877 1003769 +
391 20 6016666 7776474 + 2 134522901 7366859 + 3 120573298 7716860 + 14 16918840 2730453 +
392 20 14299522 2427242 + 2 142346646 2425937 + 3 128827048 2513838 + 3 4498245 980793 +
393 20 19442141 3102668 + 2 147103459 2629261 + 3 133884389 2747902 + 3 3255554 792968 -
394 20 32871978 2381757 + 2 156311725 1852800 + 3 144844330 1769827 + 20 782593 1327658 -
395 20 37941063 2739915 + 2 160394839 2381249 + 3 149155537 2460004 + 20 3483012 1237030 +
396 20 41090450 1549980 + 2 163100945 1581430 + 3 151970611 1598089 + 20 2617834 667289 -
397 20 43501275 892616 + 2 165261665 758811 + 3 154195729 805467 + 20 4919313 319365 -
398 20 45855676 2819195 + 2 167260748 1708437 + 3 156344829 1811908 + 20 5274326 1181221 +
399 20 50688893 7287025 + 2 170354336 5718767 + 3 159558922 5394498 + 20 10579105 2288360 -
400 20 59027635 3877739 + 2 177494276 3138048 + 3 167271423 2989145 + 20 6521341 2231954 +
401 20 62913475 718086 + 2 180640798 633348 + 3 170268222 650383 + 20 8803118 598515 -
402 21 14460497 16055359 + 16 76021727 13123361 + 11 14357349 14072429 + 1 91900780 6266046 +
403 21 31411185 885327 + 16 90375332 721065 + 11 29507237 745697 - 1 98214761 327548 +
404 21 32479505 8266475 + 16 91256603 6615349 + 11 30633566 6697472 + 1 98588430 3582001 +
405 21 42427735 920107 + 17 29702047 615140 + 20 9329745 714913 + 1 102914686 426120 +
406 21 46170326 708204 + 10 76053383 545498 - 20 12249590 546917 + 7 6575217 423228 +
407 22 15953170 815432 + 6 121157183 577884 + 4 157094422 633610 + 1 58272040 349821 +
408 22 17983412 523789 + 16 17696594 482635 - 11 84329298 471623 + 15 703395 673874 +
409 22 20126439 528310 + 16 16349359 385802 - 11 85779514 397121 + 15 218105 385071 +
410 22 22419641 488998 + 10 75430577 314229 - 20 13116689 442402 + 15 7783891 371568 -
411 22 25714802 1762929 + 5 107943821 1143847 - 12 44480876 1359666 + 15 7199353 448740 +
412 22 27994718 1633292 + 11 3579210 1389617 - 14 84369948 1400734 - 15 10591876 436739 -
413 22 31986635 2233258 + 8 71884255 2460424 + 19 12045038 2061966 + 1 48750111 922474 -
414 22 34949128 5780665 + 15 77995009 4622414 + 7 115714516 5049630 + 1 46141345 2397808 -
415 22 41246717 3271490 + 15 83438265 2308192 + 7 121222997 2274645 + 1 64891950 2356532 +
416 22 46909864 656343 + 15 87686095 540194 + 7 125689235 553471 + 1 6404854 717315 -
417 22 47663239 524609 + 15 88327697 501575 + 7 126340903 534007 + 1 14850276 418436 +
418 X 16062606 6153199 + X 136133058 6761693 - X 52531559 7763308 + 1 112020874 2760619 -
419 X 23363291 9356135 + X 67497699 11593994 - X 69311534 12445804 - 1 107989993 3634562 -
420 X 36923554 6597269 + X 7644004 7839323 + X 16572367 8515618 - 1 104723938 2040562 -
421 X 66921848 544787 + X 83948974 508901 + X 87242378 488258 + 4 726170 403388 +
422 X 74803987 1322583 + X 90131532 992468 + X 93366688 1039308 + 4 12354588 335511 +
423 X 79125428 2660295 + X 94178153 2065870 + X 97440933 2063835 + 4 8832109 345232 -
424 X 83718257 6993093 + X 98508085 8378680 - X 101716641 8988494 + 4 6338828 2081306 -
425 X 96124726 2831575 + X 112934275 3024012 + X 118266067 3429399 + 4 4929130 560614 -
426 X 102368324 1603461 + X 119040187 1805180 + X 124683325 1931988 + 4 16536370 501002 +
427 X 109123879 1303465 + X 125460767 1388943 + X 33501067 1374961 - 4 12773146 406187 -
428 X 118859671 5713911 + X 25277988 5947385 + X 33791 6230497 - 4 14673213 1379111 -
429 X 129898970 2843707 + X 37433067 2493486 + X 137682574 2710343 + 4 3258804 646676 +
430 X 145820660 1570759 + X 53057592 1626198 + X 154995051 2021666 + 4 17783904 599620 -
