# Options:
# Macrorearrangements
>Human
# Chromosome 1
1 2 3 4 5 6 7 8 9 10 11 12 13 14 15 16 17 18 19 20 21 22 23 24 25 26 27 28 29 30 31 32 33 34 35 $
# Chromosome 2
36 37 38 39 40 41 42 43 44 45 46 47 48 49 50 51 52 53 54 55 56 57 58 59 60 61 62 63 64 65 66 67 68 69 70 71 72 $
# Chromosome 3
73 74 75 76 77 78 79 80 81 82 83 84 85 86 87 88 89 90 91 92 93 94 95 96 97 98 99 100 101 102 103 104 105 106 107 108 109 $
# Chromosome 4
110 111 112 113 114 115 116 117 118 119 120 121 122 123 124 125 126 127 128 129 130 131 132 133 $
# Chromosome 5
134 135 136 137 138 139 140 141 142 143 144 145 146 147 148 149 150 151 152 153 154 155 156 $
# Chromosome 6
157 158 159 160 161 162 163 164 165 166 167 168 169 170 171 172 173 174 175 176 177 178 179 180 181 182 $
# Chromosome 7
183 184 185 186 187 188 189 190 191 192 193 194 195 196 197 198 199 200 201 202 203 204 205 206 207 208 209 210 211 212 $
# Chromosome 8
213 214 215 216 217 218 219 220 221 222 223 224 225 226 227 228 $
# Chromosome 9
229 230 231 232 233 234 235 236 237 238 239 240 241 242 243 244 245 246 247 248 249 250 251 $
# Chromosome 10
252 253 254 255 256 257 258 259 260 261 262 263 264 265 266 267 268 269 270 271 272 $
# Chromosome 11
273 274 275 276 277 278 279 280 281 282 283 284 285 286 287 288 289 290 291 292 293 $
# Chromosome 12
294 295 296 297 298 299 300 301 302 303 304 305 306 307 308 309 310 311 $
# Chromosome 13
312 313 314 315 316 317 318 319 320 321 322 323 324 $
# Chromosome 14
325 326 327 328 329 330 331 $
# Chromosome 15
332 333 334 335 336 337 338 339 340 341 342 343 344 $
# Chromosome 16
345 346 347 348 349 350 351 352 353 354 $
# Chromosome 17
355 356 357 358 359 360 361 362 363 364 365 366 367 368 369 370 371 $
# Chromosome 18
372 373 374 375 376 377 378 379 380 381 382 383 384 385 386 $
# Chromosome 19
387 388 389 $
# Chromosome 20
390 391 392 393 394 395 396 397 398 399 400 401 $
# Chromosome 21
402 403 404 405 406 $
# Chromosome 22
407 408 409 410 411 412 413 414 415 416 417 $
# Chromosome X
418 419 420 421 422 423 424 425 426 427 428 429 430 $
>Mouse
# Chromosome 1
-217 221 222 223 168 -170 54 61 -62 63 64 65 66 67 68 69 70 71 72 142 383 384 -56 -55 57 -28 -27 -26 -25 -24 -23 -22 -21 -20 35 -30 -29 $
# Chromosome 2
-253 254 -251 -250 249 248 -247 246 -245 244 58 59 60 -280 -279 -278 332 333 334 335 336 390 391 392 393 394 395 396 397 398 399 400 401 $
# Chromosome 3
224 220 -107 105 106 108 124 125 126 -315 104 -129 -128 -19 -18 -17 -16 -15 -122 -121 -120 -13 -12 $
# Chromosome 4
218 -225 -219 -172 236 237 238 239 240 241 242 243 230 231 232 11 -10 -9 -8 -7 -6 -5 -4 -3 -2 -1 $
# Chromosome 5
195 196 -194 -193 200 211 39 40 111 -112 113 114 115 116 117 118 14 110 -411 -309 -308 -307 310 311 -192 -199 183 198 314 $
# Chromosome 6
197 184 203 204 205 206 207 208 209 210 187 188 119 -123 -53 -52 -51 50 -99 -98 75 76 90 73 74 -259 -294 407 -297 -296 -295 298 299 300 301 302 $
# Chromosome 7
-389 276 277 -344 343 342 -341 -287 -286 -285 -284 274 275 -349 272 273 -283 $
# Chromosome 8
322 323 324 213 215 -133 -132 -131 -130 -388 413 -127 350 351 352 353 354 32 33 -257 $
# Chromosome 9
-288 189 -293 -292 -291 -290 -289 340 -339 -338 -337 -169 171 -103 -102 -101 -100 -86 -85 -84 -80 -79 81 82 83 $
# Chromosome 10
179 -178 -177 -176 -175 -173 174 -263 -262 -261 -410 -406 387 306 -305 -304 $
# Chromosome 11
-412 191 -49 -48 155 -154 -153 -156 -146 -145 152 -31 361 -360 -359 -358 357 -356 -355 362 363 -364 367 -366 -365 368 -369 370 371 $
# Chromosome 12
-38 37 -36 -201 -185 -202 325 326 329 330 331 -212 -186 $
# Chromosome 13
-252 -34 -190 -162 -161 157 158 159 160 -235 234 147 -135 -134 -141 -140 -139 -138 -137 $
# Chromosome 14
89 -78 264 265 -88 -87 -260 -267 -266 327 328 312 -313 317 -214 -216 -316 318 319 320 321 $
# Chromosome 15
-136 226 227 228 414 415 416 417 303 $
# Chromosome 16
348 -409 -408 109 -97 -96 -95 -94 -93 -92 -91 402 403 404 $
# Chromosome 17
-180 -181 182 -347 -346 -345 163 164 405 -167 -166 -165 77 143 -375 -374 -373 41 42 43 44 45 46 47 372 $
# Chromosome 18
256 255 -258 379 380 381 148 149 150 151 144 376 377 378 -382 -386 -385 $
# Chromosome 19
282 -281 -233 229 268 269 270 271 $
# Chromosome X
420 428 429 430 -419 421 422 423 -424 425 426 427 -418 $
>Rat
# Chromosome 1
-178 -177 176 175 134 179 180 181 182 -389 276 277 -344 343 342 -341 -287 -286 -285 -284 274 275 -349 272 273 -283 -282 -281 -233 229 268 269 270 271 $
# Chromosome 2
-141 -140 -139 -138 -137 -136 -224 220 -107 105 -106 108 124 125 126 -315 104 -129 -128 -19 -18 -17 -16 -15 -122 -121 -120 -13 -12 $
# Chromosome 3
-251 -250 249 248 -247 246 -245 244 58 59 60 -280 -279 -278 332 333 334 335 336 390 391 392 393 394 395 396 397 398 399 400 401 $
# Chromosome 4
-211 -200 193 194 195 196 197 184 203 204 205 206 207 208 209 210 187 188 119 -123 -53 -52 -51 50 -99 -98 75 76 90 73 74 -259 -294 407 -297 -296 -295 298 299 300 301 302 $
# Chromosome 5
-223 -222 -221 217 218 -225 -219 -172 236 237 238 239 240 241 242 243 230 231 232 11 -10 -9 -8 -7 -6 -5 -4 -3 -2 -1 $
# Chromosome 6
44 45 46 47 -43 -42 -41 -40 -39 -38 37 -36 -201 -185 -202 325 326 329 330 331 -212 -186 $
# Chromosome 7
-387 -306 -305 -304 226 227 228 414 415 416 417 303 $
# Chromosome 8
-288 189 -293 -292 -291 -290 -289 340 -339 -338 -337 -169 171 -103 -102 -101 -100 -86 -85 -84 -80 -79 81 82 83 $
# Chromosome 9
-77 165 166 167 168 -170 54 61 62 63 64 65 66 67 68 69 70 71 72 142 143 -375 -374 -373 -372 $
# Chromosome 10
-348 -347 -346 -345 -155 -154 -153 -156 -146 -145 152 -31 361 -360 -359 -358 357 -356 -355 362 363 -364 367 -366 -365 368 -369 370 371 $
# Chromosome 11
-92 -91 402 -403 404 93 94 95 96 97 -109 408 409 $
# Chromosome 12
-314 -198 -183 199 192 -311 -310 307 308 309 411 $
# Chromosome 13
383 384 -56 -55 57 -28 -27 -26 -25 -24 -23 -22 -21 -20 35 -30 -29 $
# Chromosome 14
-110 -14 -118 -117 -116 -115 -114 -113 112 -111 -412 191 -49 -48 $
# Chromosome 15
-264 78 -89 327 328 312 -313 317 -214 -216 -316 318 319 320 321 $
# Chromosome 16
265 -88 -87 -260 -267 -266 388 130 131 132 133 -215 -213 -324 -323 -322 $
# Chromosome 17
135 -147 -234 235 -160 -159 -158 -157 161 162 190 -256 255 -258 34 252 253 254 $
# Chromosome 18
379 380 381 148 149 150 151 144 376 377 -378 -382 -386 -385 $
# Chromosome 19
-352 -351 413 -350 127 353 354 32 33 -257 $
# Chromosome 20
163 164 405 406 410 261 262 -263 174 -173 $
# Chromosome X
-428 -420 -427 418 -419 421 422 423 424 425 426 429 430 $
>Chicken
# Chromosome 1
204 194 195 -253 -416 -201 -200 193 417 -203 -202 303 304 -414 -413 -306 -305 -208 209 -207 -302 294 407 206 298 -299 300 415 297 -19 -96 -18 -95 94 92 93 -21 -91 402 403 404 405 -420 -419 -418 54 -324 323 -322 -321 -319 -320 -318 316 317 -315 -314 -313 -312 -289 -288 -287 286 -285 296 -295 -301 -284 $
# Chromosome 2
-85 -31 84 81 211 212 252 -258 -257 -256 -255 -254 196 197 184 185 186 187 77 78 79 100 -83 82 80 -189 -188 190 210 -134 -386 -161 -160 159 -158 157 -383 -136 191 -380 239 135 -236 -237 -162 -385 -384 377 378 -375 376 -374 372 373 379 217 218 219 220 221 -222 223 224 225 226 -227 -228 $
# Chromosome 3
-48 -393 392 -49 -46 41 47 -30 45 -40 -165 -164 -166 -42 -44 -43 -35 -34 -33 32 -182 -181 -278 178 179 180 -177 -176 -175 -174 -173 -172 -171 -170 -169 -213 36 -37 38 39 216 214 -168 167 $
# Chromosome 4
421 429 -425 -424 -423 422 -427 -428 426 -430 129 130 126 127 128 125 119 -121 -132 131 118 114 -117 116 115 -124 -123 -122 120 133 -215 -113 112 -111 53 -52 390 -50 $
# Chromosome 5
-277 -333 -274 275 276 -273 282 281 283 279 -280 334 -330 -332 325 331 -329 -328 326 327 $
# Chromosome 6
267 -266 -259 -261 -262 263 -265 -264 -269 260 -268 -270 271 272 $
# Chromosome 7
-61 -60 65 -70 71 406 62 63 -64 -59 -66 56 97 -55 57 58 $
# Chromosome 8
16 -26 -22 -20 -23 24 -25 -15 -14 -13 10 11 12 $
# Chromosome 9
69 -102 -67 -101 72 103 -109 68 -108 -107 -106 -105 -104 $
# Chromosome 10
-339 -340 -337 336 342 -341 -343 344 338 -335 $
# Chromosome 11
-351 -353 -350 389 -352 354 $
# Chromosome 12
87 86 74 75 -235 88 -99 98 76 89 90 73 $
# Chromosome 13
149 154 148 -150 155 -153 -152 -156 -147 -146 145 151 $
# Chromosome 14
382 -345 198 183 361 -346 347 -349 -348 -205 391 $
# Chromosome 15
409 408 -311 310 307 411 -410 -309 -412 -308 $
# Chromosome 17
-245 -244 249 -248 -247 -246 -243 -251 242 -250 $
# Chromosome 18
-359 358 -360 -371 365 -369 370 $
# Chromosome 19
-192 -356 199 -363 355 366 -367 364 357 $
# Chromosome 20
-394 -396 395 -397 398 400 -401 -399 $
# Chromosome 21
-1 2 4 -3 -5 $
# Chromosome 22
-51 $
# Chromosome 23
7 -9 6 -8 $
# Chromosome 24
293 -292 291 -290 $
# Chromosome 26
28 29 17 -163 $
# Chromosome 27
362 368 $
# Chromosome 28
-387 -381 -388 $
# Chromosome 32
-27 $
# Chromosome W
141 144 $
# Chromosome Z
138 137 139 229 230 -231 233 -234 142 143 110 238 140 -241 240 232 $
